zero:
202 40 
angoli:
rosso acceso (vicino agli altri rossi): 155 10, 155 07, 155 09
giallo: 154 30, 154 32, 154 30
verde: 154, 154 02 153 59
azzurro 153 30, 153 36, 153 29
viola: 153 03, 153 01, 153 02
angoli rispetto a theta iniziale:
rosso:
39 40, 39 41, 39 38
giallo:
40 6, 40 4, 40 1
verde:
40 32, 40 29, 40 29
azzurro:
41 22, 41 21, 41 17
viola:
42 11, 42 5, 42 8
coefficenti di rifrazione:
1.5342462531413732
1.5387979446416777
1.5437705869218368
1.553149932718297
1.5620768355062231
errori coefficenti di rifrazione:
0.01782918080455584
0.02223661479834707
0.01839078364449909
0.022389122098543556
0.023896572657997214
